200
1 3 87
2 3 95
3 3 84
4 9 82
5 7 93
6 9 88
6 10 84
6 9 96
7 6 80
7 8 95
8 10 80
10 5 94
11 7 81
12 8 86
15 7 90
17 5 88
18 8 83
19 10 81
19 3 84
20 7 84
20 6 99
21 5 81
22 7 95
22 6 90
23 8 95
24 7 89
25 4 92
25 5 87
26 10 85
26 6 92
27 4 100
27 6 84
27 5 89
30 9 99
30 6 97
30 3 96
30 3 87
30 10 99
30 3 96
30 7 91
31 8 94
31 4 89
31 8 89
34 9 94
35 10 84
35 9 92
36 8 91
37 8 92
37 6 91
37 9 88
38 6 85
38 6 98
39 3 87
40 6 81
42 3 92
43 8 93
44 5 81
45 5 91
46 6 95
47 6 91
47 10 87
48 7 83
48 9 94
48 4 95
49 6 91
49 10 82
50 6 99
51 7 97
51 9 89
51 10 94
52 8 91
55 3 94
56 3 90
56 3 87
59 9 94
59 8 92
62 5 88
62 3 97
62 8 97
62 5 88
62 6 88
63 3 97
63 6 99
66 4 91
66 3 80
66 7 80
67 5 88
67 4 95
70 4 93
71 9 81
72 6 84
73 10 97
74 10 99
75 9 95
76 9 80
77 4 91
78 4 80
79 3 80
80 4 80
81 7 80
81 7 88
81 6 89
81 5 83
82 4 94
83 5 95
83 7 92
83 5 90
84 8 87
84 5 92
85 3 92
85 10 86
87 10 93
88 6 88
91 9 97
92 5 97
92 10 92
92 6 81
95 6 82
96 3 99
96 6 99
96 5 81
97 8 92
98 6 97
99 10 86
99 9 100
100 3 90
100 10 96
101 5 99
101 9 97
102 10 98
102 8 96
103 4 93
103 3 88
106 6 98
106 9 82
107 4 84
108 10 81
109 4 84
110 7 89
111 6 100
112 9 83
113 5 90
113 6 100
114 3 91
114 5 86
114 7 93
115 3 97
116 6 99
117 7 94
119 8 88
121 8 84
122 8 88
123 3 81
123 6 100
124 8 89
124 9 83
126 7 95
126 3 91
127 5 83
127 5 96
128 7 82
129 10 81
131 4 84
133 3 91
134 6 91
135 9 85
136 6 100
137 5 95
138 5 82
139 5 82
139 8 80
140 4 89
140 8 98
142 4 96
142 10 89
142 7 90
144 8 80
147 10 91
147 6 88
148 5 85
148 8 81
149 5 88
149 9 87
150 3 90
153 5 88
153 8 92
156 8 81
156 10 93
156 7 99
157 10 95
158 8 94
159 5 84
160 5 94
161 6 88
161 4 94
163 7 80
164 9 80
165 8 93
166 6 92
168 8 89
0
