200
1 6 44
2 6 40
4 7 51
5 6 47
8 9 44
9 7 55
9 5 45
9 10 45
10 8 46
13 3 51
13 4 43
15 7 54
16 9 41
17 3 48
20 9 51
22 9 41
22 3 40
22 9 45
24 7 48
27 4 50
28 10 50
30 9 60
30 10 57
31 10 43
34 4 41
36 10 41
37 9 44
37 10 40
37 9 58
38 4 44
38 5 58
39 7 50
40 4 50
40 10 57
40 9 46
42 10 49
42 9 57
44 3 56
44 6 60
45 7 54
46 5 55
46 3 55
47 8 50
47 8 56
50 6 44
50 10 55
53 5 46
55 3 59
56 9 52
57 8 59
58 7 43
59 8 55
59 6 54
60 9 51
61 9 52
61 10 44
63 3 50
63 4 48
63 5 58
63 9 58
63 4 40
63 10 45
64 5 52
65 8 51
65 5 51
66 9 60
66 7 48
67 6 54
68 3 41
68 4 52
69 3 56
70 9 48
72 7 52
73 9 59
74 10 60
74 5 47
75 5 41
78 4 51
79 10 56
79 5 55
82 8 51
84 6 48
84 3 45
86 9 57
86 10 42
87 3 57
88 5 60
88 7 42
88 9 56
89 8 42
89 10 43
89 4 56
90 6 58
93 3 44
94 10 43
95 5 40
95 9 56
96 9 45
98 6 54
99 3 59
99 9 44
100 7 46
100 7 50
101 7 42
103 3 43
103 7 43
105 5 52
106 8 50
108 4 49
108 8 41
111 8 40
112 6 59
113 7 42
114 4 56
114 4 49
115 5 53
117 6 47
117 8 51
118 10 49
119 9 43
120 8 50
120 4 44
122 4 41
125 9 58
126 4 42
126 9 55
127 7 41
127 7 41
127 5 41
127 7 50
129 4 41
132 3 41
133 9 41
134 6 53
134 9 42
134 8 51
135 7 48
136 5 49
139 7 44
139 3 41
139 5 47
142 8 41
142 3 59
144 3 49
145 5 46
147 10 49
148 4 44
148 6 59
148 10 54
149 5 46
149 9 54
149 9 51
151 3 60
151 4 58
152 6 41
154 3 58
155 4 42
156 10 45
157 5 56
158 9 49
159 3 44
161 4 43
163 8 43
164 9 56
164 4 44
165 3 58
166 3 56
167 4 60
167 5 60
168 7 56
169 6 53
169 8 59
170 10 49
170 4 46
170 9 54
171 3 52
171 8 57
173 4 50
174 8 54
174 6 60
175 7 42
176 4 56
177 4 50
179 10 40
182 7 41
184 7 47
185 8 56
185 7 52
186 4 56
187 10 48
189 3 56
192 7 46
193 7 50
194 9 42
197 9 57
198 4 54
199 9 48
200 5 40
203 7 59
203 9 43
0
