200
1 4 5
2 9 18
3 3 5
4 5 20
5 7 7
7 3 9
8 8 0
9 7 17
10 7 7
10 3 20
11 3 11
12 5 1
12 4 7
12 7 0
13 4 14
13 7 20
15 5 16
15 9 11
18 8 12
20 4 14
20 5 9
22 3 6
23 10 4
24 7 7
25 5 20
26 4 11
26 5 3
28 10 16
29 8 5
31 6 17
32 6 1
33 7 1
33 5 6
35 10 5
35 9 15
36 10 5
39 3 2
42 9 9
42 4 7
42 9 7
43 4 2
44 10 9
47 9 8
47 6 13
50 6 11
51 10 7
51 3 7
52 9 20
54 3 1
55 5 10
56 6 12
57 3 15
58 4 18
59 4 3
59 3 14
59 3 0
59 7 19
59 5 0
60 3 7
60 10 17
60 9 17
60 7 15
61 3 20
61 3 19
62 10 20
63 8 15
66 10 20
67 6 15
68 6 11
69 8 3
69 6 12
69 9 14
70 7 16
72 6 6
73 4 16
74 10 11
74 3 4
74 10 15
74 6 17
75 5 16
76 7 17
77 4 10
77 8 5
78 4 16
78 9 7
79 9 19
81 4 0
83 10 19
84 10 16
85 10 20
85 5 17
86 9 6
87 5 2
90 3 18
91 5 0
91 3 8
92 10 6
93 7 6
94 5 17
95 10 3
97 8 15
98 9 7
100 10 10
101 9 17
102 7 4
102 6 18
102 10 8
103 3 5
103 7 9
106 10 1
107 5 10
107 5 7
107 7 9
107 5 17
109 5 19
111 3 12
114 6 3
115 5 18
116 4 19
119 10 14
119 3 18
119 7 19
120 8 12
121 4 18
121 4 2
122 3 6
122 8 5
123 9 14
124 4 8
125 4 16
125 8 0
127 6 16
128 4 18
128 9 18
128 8 11
129 10 0
130 5 3
131 5 20
131 3 7
131 8 19
131 3 14
131 7 13
132 3 17
132 5 8
133 5 7
134 9 14
134 3 20
135 10 11
135 7 16
135 9 0
135 9 20
137 7 20
139 4 11
140 8 5
141 7 1
141 3 0
141 6 13
141 5 9
141 9 3
141 8 19
144 9 19
145 5 16
147 4 20
148 4 18
149 10 15
151 9 4
151 4 18
153 10 5
154 9 12
155 4 7
156 8 12
157 10 1
157 6 6
158 3 8
159 4 5
160 4 19
160 5 18
161 6 5
163 3 8
164 6 16
164 5 11
164 10 19
166 3 6
167 9 17
167 9 15
168 4 17
169 9 17
169 6 9
170 7 0
171 4 17
174 8 1
174 7 9
174 3 16
174 8 2
175 7 10
177 9 10
178 4 12
181 8 3
181 8 6
182 3 20
0
